6130.00000000001  0.8910449
6130.90517240764  0.9043469
6131.81034481527  0.9138803
6132.71551722289  0.9159408
6133.62068963052  0.9066974
6134.52586203815  0.8840704
6135.43103444578  0.8526341
6136.3362068534  0.8208532
6137.24137926103  0.7974574
6138.14655166866  0.7889596
6139.05172407628  0.7939602
6139.95689648391  0.8066844
6140.86206889154  0.8211821
6141.76724129917  0.8325011
6142.67241370679  0.8390474
6143.57758611442  0.8409708
6144.48275852205  0.8384508
6145.38793092967  0.8319142
6146.2931033373  0.8226705
6147.19827574493  0.8124586
6148.10344815255  0.8030271
6149.00862056018  0.7961469
6149.91379296781  0.793663
6150.81896537544  0.7974615
6151.72413778306  0.8094682
6152.62931019069  0.8302703
6153.53448259832  0.856339
6154.43965500594  0.8823686
6155.34482741357  0.9029843
6156.2499998212  0.9144737
6157.15517222882  0.9179857
6158.06034463645  0.9166526
6158.96551704408  0.9136378
6159.87068945171  0.9110745
6160.77586185933  0.9082234
6161.68103426696  0.9032369
6162.58620667459  0.8942569
6163.49137908222  0.8805178
6164.39655148984  0.8641945
6165.30172389747  0.8485291
6166.2068963051  0.8367582
6167.11206871272  0.831147
6168.01724112035  0.8314357
6168.92241352798  0.8365127
6169.8275859356  0.8452635
6170.73275834323  0.8564346
6171.63793075086  0.8684043
6172.54310315849  0.8794281
6173.44827556611  0.8877769
6174.35344797374  0.8924767
6175.25862038137  0.8943571
6176.16379278899  0.8947859
6177.06896519662  0.8951163
6177.97413760425  0.8962351
6178.87931001188  0.8979705
6179.7844824195  0.8998548
6180.68965482713  0.901426
6181.59482723476  0.9023231
6182.49999964238  0.9024027
6183.40517205001  0.901576
6184.31034445764  0.8997608
6185.21551686527  0.897056
6186.12068927289  0.8939369
6187.02586168052  0.890974
6187.93103408815  0.8887249
6188.83620649577  0.887495
6189.7413789034  0.8870885
6190.64655131103  0.8871945
6191.55172371866  0.8875018
6192.45689612628  0.887662
6193.36206853391  0.8872572
6194.26724094154  0.8858472
6195.17241334916  0.8830181
6196.07758575679  0.8787409
6196.98275816442  0.8736883
6197.88793057204  0.8686764
6198.79310297967  0.8645153
6199.6982753873  0.8620045
6200.60344779493  0.8619177
6201.50862020255  0.8650432
6202.41379261018  0.8720875
6203.31896501781  0.8827735
6204.22413742543  0.8951942
6205.12930983306  0.907125
6206.03448224069  0.916451
6206.93965464832  0.922148
6207.84482705594  0.9249219
6208.74999946357  0.9257641
6209.6551718712  0.925677
6210.56034427882  0.9258833
6211.46551668645  0.9279299
6212.37068909408  0.9334601
6213.27586150171  0.9439059
6214.18103390933  0.9587104
6215.08620631696  0.9744704
6215.99137872459  0.9873027
6216.89655113221  0.993578
6217.80172353984  0.9917213
6218.70689594747  0.9829806
6219.6120683551  0.9689941
6220.51724076272  0.9513977
6221.42241317035  0.9319717
6222.32758557798  0.9126785
6223.2327579856  0.8955401
6224.13793039323  0.8823928
6225.04310280086  0.8736761
6225.94827520849  0.8680763
6226.85344761611  0.8640534
6227.75862002374  0.8601331
6228.66379243137  0.8552092
6229.56896483899  0.8486241
6230.47413724662  0.8397409
6231.37930965425  0.8281036
6232.28448206188  0.8145911
6233.1896544695  0.8015876
6234.09482687713  0.7916706
6234.99999928476  0.7872355
6235.90517169238  0.7895539
6236.81034410001  0.7986762
6237.71551650764  0.814559
6238.62068891526  0.8369664
6239.52586132289  0.8643575
6240.43103373052  0.8938645
6241.33620613815  0.922445
6242.24137854577  0.9473152
6243.1465509534  0.9671709
6244.05172336103  0.9821643
6244.95689576865  0.9925764
6245.86206817628  0.9987155
6246.76724058391  1.001166
6247.67241299154  1.00077
6248.57758539916  0.9983948
6249.48275780679  0.9948614
6250.38793021442  0.9907418
6251.29310262204  0.9863845
6252.19827502967  0.9821225
6253.1034474373  0.978268
6254.00861984493  0.9750032
6254.91379225255  0.9723979
6255.81896466018  0.9705248
6256.72413706781  0.9693654
6257.62930947543  0.9684331
6258.53448188306  0.9668614
6259.43965429069  0.963734
6260.34482669832  0.9583713
6261.24999910594  0.9512352
6262.15517151357  0.9436725
6263.0603439212  0.9371153
6263.96551632883  0.9326961
6264.87068873645  0.9301817
6265.77586114408  0.9283303
6266.68103355171  0.9258142
6267.58620595933  0.9216207
6268.49137836696  0.9161195
6269.39655077459  0.9106537
6270.30172318221  0.9066464
6271.20689558984  0.9051868
6272.11206799747  0.9059478
6273.01724040509  0.9076523
6273.92241281272  0.908976
6274.82758522035  0.9086059
6275.73275762798  0.9052371
6276.6379300356  0.897575
6277.54310244323  0.8842703
6278.44827485086  0.864697
6279.35344725849  0.8411614
6280.25861966611  0.8177481
6281.16379207374  0.7986717
6282.06896448137  0.7872977
6282.97413688899  0.7837701
6283.87930929662  0.7863618
6284.78448170425  0.7932718
6285.68965411187  0.802754
6286.5948265195  0.8131982
6287.49999892713  0.8230681
6288.40517133475  0.83079
6289.31034374238  0.8355614
6290.21551615001  0.8393793
6291.12068855764  0.8457088
6292.02586096526  0.8581342
6292.93103337289  0.8785695
6293.83620578052  0.9031312
6294.74137818815  0.9250301
6295.64655059577  0.9373048
6296.5517230034  0.9355203
6297.45689541103  0.9237056
6298.36206781865  0.9099083
6299.26724022628  0.9023533
6300.17241263391  0.9067319
6301.07758504153  0.9205673
6301.98275744916  0.9376883
6302.88792985679  0.9518185
6303.79310226442  0.9581636
6304.69827467204  0.9565243
6305.60344707967  0.9486741
6306.5086194873  0.9364165
6307.41379189493  0.9218563
6308.31896430255  0.9080713
6309.22413671018  0.8985448
6310.12930911781  0.8967834
6311.03448152543  0.9044169
6311.93965393306  0.9175559
6312.84482634069  0.930153
6313.74999874832  0.9361245
6314.65517115594  0.9319204
6315.56034356357  0.9211166
6316.4655159712  0.9099399
6317.37068837882  0.9046358
6318.27586078645  0.9088713
6319.18103319408  0.9193258
6320.0862056017  0.9302021
6320.99137800933  0.93571
6321.89655041696  0.9325904
6322.80172282459  0.9242055
6323.70689523221  0.9161527
6324.61206763984  0.9139994
6325.51724004747  0.9208447
6326.42241245509  0.933552
6327.32758486272  0.9469898
6328.23275727035  0.9560524
6329.13792967798  0.9569016
6330.0431020856  0.9487776
6330.94827449323  0.9318324
6331.85344690086  0.9062539
6332.75861930848  0.8735593
6333.66379171611  0.838418
6334.56896412374  0.8064328
6335.47413653137  0.7831219
6336.37930893899  0.7719809
6337.28448134662  0.771885
6338.18965375425  0.7804334
6339.09482616187  0.795269
6339.9999985695  0.8148616
6340.90517097713  0.8394534
6341.81034338476  0.8697858
6342.71551579238  0.9064904
6343.62068820001  0.9476833
6344.52586060764  0.9862206
6345.43103301527  1.013563
6346.33620542289  1.021489
6347.24137783052  1.0076
6348.14655023815  0.9812847
6349.05172264577  0.9548239
6349.9568950534  0.940085
6350.86206746103  0.9426556
6351.76723986865  0.9558793
6352.67241227628  0.9702756
6353.57758468391  0.9766566
6354.48275709153  0.9694982
6355.38792949916  0.9501566
6356.29310190679  0.9214423
6357.19827431442  0.8862038
6358.10344672204  0.8483281
6359.00861912967  0.813554
6359.9137915373  0.7880825
6360.81896394492  0.7778412
6361.72413635255  0.7852763
6362.62930876018  0.8067794
6363.53448116781  0.8375521
6364.43965357543  0.872877
6365.34482598306  0.9086213
6366.24999839069  0.9416348
6367.15517079831  0.9689115
6368.06034320594  0.9876035
6368.96551561357  0.9966863
6369.8706880212  0.9980892
6370.77586042882  0.9942824
6371.68103283645  0.9876539
6372.58620524408  0.979937
6373.49137765171  0.9718518
6374.39655005933  0.9639539
6375.30172246696  0.9567695
6376.20689487459  0.9504665
6377.11206728221  0.9446772
6378.01723968984  0.9389226
6378.92241209747  0.9328462
6379.8275845051  0.927243
6380.73275691272  0.9245527
6381.63792932035  0.9275453
6382.54310172798  0.9386123
6383.4482741356  0.9567618
6384.35344654323  0.9763542
6385.25861895086  0.9909375
6386.16379135848  0.9946834
6387.06896376611  0.9869068
6387.97413617374  0.9737471
6388.87930858137  0.9624237
6389.78448098899  0.9594798
6390.68965339662  0.9662539
6391.59482580425  0.9774269
6392.49999821187  0.9866869
6393.4051706195  0.9882885
6394.31034302713  0.9804977
6395.21551543476  0.9665326
6396.12068784238  0.9502878
6397.02586025001  0.9353834
6397.93103265764  0.9236783
6398.83620506526  0.9149353
6399.74137747289  0.9086611
6400.64654988052  0.9043693
6401.55172228815  0.9014677
6402.45689469577  0.8992448
6403.3620671034  0.8969669
6404.26723951103  0.8939508
6405.17241191865  0.8898594
6406.07758432628  0.8847448
6406.98275673391  0.878671
6407.88792914154  0.8718948
6408.79310154916  0.8660326
6409.69827395679  0.8641249
6410.60344636442  0.8694517
6411.50861877204  0.8847228
6412.41379117967  0.9089885
6413.3189635873  0.9375604
6414.22413599492  0.9653209
6415.12930840255  0.9875222
6416.03448081018  1.001509
6416.93965321781  1.006706
6417.84482562543  1.002666
6418.74999803306  0.9894039
6419.65517044069  0.9699469
6420.56034284831  0.9501533
6421.46551525594  0.9362546
6422.37068766357  0.9335821
6423.2758600712  0.9422328
6424.18103247882  0.9575368
6425.08620488645  0.9743348
6425.99137729408  0.9880412
6426.8965497017  0.9970115
6427.80172210933  1.002199
6428.70689451696  1.004786
6429.61206692459  1.005837
6430.51723933221  1.00593
6431.42241173984  1.005228
6432.32758414747  1.003863
6433.23275655509  1.001958
6434.13792896272  0.9995691
6435.04310137035  0.9966946
6435.94827377797  0.993355
6436.8534461856  0.9893197
6437.75861859323  0.9830317
6438.66379100086  0.9719051
6439.56896340848  0.9531833
6440.47413581611  0.925041
6441.37930822374  0.8903336
6442.28448063136  0.8554354
6443.18965303899  0.8270715
6444.09482544662  0.8109617
6444.99999785425  0.8080854
6445.90517026187  0.8159609
6446.8103426695  0.8318742
6447.71551507713  0.853246
6448.62068748475  0.8779463
6449.52585989238  0.9041775
6450.43103230001  0.9301416
6451.33620470764  0.9541703
6452.24137711526  0.9752128
6453.14654952289  0.992635
6454.05172193052  1.005811
6454.95689433814  1.014376
6455.86206674577  1.019191
6456.7672391534  1.021915
6457.67241156103  1.02428
6458.57758396865  1.02762
6459.48275637628  1.031558
6460.38792878391  1.034639
6461.29310119153  1.035327
6462.19827359916  1.032469
6463.10344600679  1.026478
6464.00861841442  1.018719
6464.91379082204  1.010631
6465.81896322967  1.003244
6466.7241356373  0.9959489
6467.62930804492  0.9871764
6468.53448045255  0.9752752
6469.43965286018  0.9592666
6470.3448252678  0.9408239
6471.24999767543  0.9231249
6472.15517008306  0.9094585
6473.06034249069  0.9022053
6473.96551489831  0.9002548
6474.87068730594  0.9005988
6475.77585971357  0.9001088
6476.6810321212  0.8965679
6477.58620452882  0.8911543
6478.49137693645  0.8868259
6479.39654934408  0.8866392
6480.3017217517  0.8928876
6481.20689415933  0.9051023
6482.11206656696  0.9214162
6483.01723897458  0.9399167
6483.92241138221  0.9585704
6484.82758378984  0.9748231
6485.73275619746  0.9858705
6486.63792860509  0.9888607
6487.54310101272  0.9822614
6488.44827342035  0.969184
6489.35344582797  0.9549252
6490.2586182356  0.9448904
6491.16379064323  0.9429404
6492.06896305086  0.9477533
6492.97413545848  0.9556518
6493.87930786611  0.9628697
6494.78448027374  0.966677
6495.68965268136  0.9677036
6496.59482508899  0.968053
6497.49999749662  0.9698887
6498.40516990425  0.974097
6499.31034231187  0.9774868
6500.2155147195  0.9751353
6501.12068712713  0.9620426
6502.02585953476  0.9360329
6502.93103194238  0.9037482
6503.83620435001  0.8754495
6504.74137675764  0.8615007
6505.64654916526  0.8686226
6506.55172157289  0.8924839
6507.45689398052  0.9244108
6508.36206638814  0.9556343
6509.26723879577  0.9796336
6510.1724112034  0.9964594
6511.07758361102  1.008658
6511.98275601865  1.018816
6512.88792842628  1.028647
6513.79310083391  1.037406
6514.69827324153  1.043444
6515.60344564916  1.045101
6516.50861805679  1.041453
6517.41379046442  1.033614
6518.31896287204  1.023426
6519.22413527967  1.01273
6520.1293076873  1.002957
6521.03448009492  0.9944047
6521.93965250255  0.9869898
6522.84482491018  0.9806253
6523.7499973178  0.975286
6524.65516972543  0.9711096
6525.56034213306  0.9682864
6526.46551454069  0.9670064
6527.37068694831  0.9674029
6528.27585935594  0.9694643
6529.18103176357  0.9731344
6530.08620417119  0.9783524
6530.99137657882  0.9848341
6531.89654898645  0.9917304
6532.80172139408  0.9980174
6533.7068938017  1.002677
6534.61206620933  1.005042
6535.51723861696  1.005304
6536.42241102458  1.003912
6537.32758343221  1.001305
6538.23275583984  0.9975139
6539.13792824747  0.9916048
6540.04310065509  0.9823651
6540.94827306272  0.9685796
6541.85344547035  0.9488457
6542.75861787797  0.9213358
6543.6637902856  0.8840598
6544.56896269323  0.8351479
6545.47413510086  0.7762927
6546.37930750848  0.7171891
6547.28447991611  0.6697573
6548.18965232374  0.6457127
6549.09482473136  0.6522723
6549.99999713899  0.6868193
6550.90516954662  0.7441423
6551.81034195424  0.819119
6552.71551436187  0.9079049
6553.6206867695  1.009401
6554.52585917713  1.123216
6555.43103158475  1.248781
6556.33620399238  1.382223
6557.24137640001  1.51269
6558.14654880763  1.627552
6559.05172121526  1.714499
6559.95689362289  1.76667
6560.86206603052  1.788237
6561.76723843814  1.786006
6562.67241084577  1.766636
6563.5775832534  1.735137
6564.48275566102  1.693282
6565.38792806865  1.642067
6566.29310047628  1.582579
6567.1982728839  1.516853
6568.10344529153  1.448745
6569.00861769916  1.382556
6569.91379010679  1.322443
6570.81896251441  1.270879
6571.72413492204  1.227153
6572.62930732967  1.189842
6573.5344797373  1.157576
6574.43965214492  1.129221
6575.34482455255  1.104082
6576.24999696018  1.081547
6577.1551693678  1.061032
6578.06034177543  1.042531
6578.96551418306  1.027037
6579.87068659068  1.015769
6580.77585899831  1.009845
6581.68103140594  1.009053
6582.58620381357  1.010911
6583.49137622119  1.012456
6584.39654862882  1.010868
6585.30172103645  1.005009
6586.20689344408  0.9965342
6587.1120658517  0.9876672
6588.01723825933  0.980518
6588.92241066696  0.9760929
6589.82758307458  0.9736099
6590.73275548221  0.9719221
6591.63792788984  0.9700097
6592.54310029746  0.9681653
6593.44827270509  0.9687484
6594.35344511272  0.9745607
6595.25861752035  0.9881113
6596.16378992797  1.008721
6597.0689623356  1.030813
6597.97413474323  1.047853
6598.87930715085  1.05377
6599.78447955848  1.047277
6600.68965196611  1.034256
6601.59482437374  1.021914
6602.49999678136  1.016993
6603.40516918899  1.022016
6604.31034159662  1.03333
6605.21551400424  1.046204
6606.12068641187  1.056139
6607.0258588195  1.060408
6607.93103122712  1.058811
6608.83620363475  1.051537
6609.74137604238  1.038881
6610.64654845001  1.022535
6611.55172085763  1.006111
6612.45689326526  0.9935948
6613.36206567289  0.9886286
6614.26723808051  0.9917145
6615.17241048814  0.9991133
6616.07758289577  1.00636
6616.9827553034  1.009363
6617.88792771102  1.007108
6618.79310011865  1.002638
6619.69827252628  0.99967
6620.6034449339  1.001572
6621.50861734153  1.008903
6622.41378974916  1.018617
6623.31896215679  1.027088
6624.22413456441  1.030988
6625.12930697204  1.029294
6626.03447937967  1.023878
6626.93965178729  1.017051
6627.84482419492  1.010982
6628.74999660255  1.006978
6629.65516901018  1.005272
6630.5603414178  1.005969
6631.46551382543  1.009075
6632.37068623306  1.013649
6633.27585864068  1.017627
6634.18103104831  1.018748
6635.08620345594  1.015028
6635.99137586357  1.006694
6636.89654827119  0.9965427
6637.80172067882  0.9877595
6638.70689308645  0.9832224
6639.61206549407  0.983583
6640.5172379017  0.9869646
6641.42241030933  0.9911343
6642.32758271696  0.9940532
6643.23275512458  0.9949465
6644.13792753221  0.9944468
6645.04309993984  0.9933655
6645.94827234746  0.9924923
6646.85344475509  0.9925979
6647.75861716272  0.9944268
6648.66378957034  0.9987465
6649.56896197797  1.006155
6650.4741343856  1.015964
6651.37930679323  1.026135
6652.28447920085  1.034425
6653.18965160848  1.038874
6654.09482401611  1.039508
6654.99999642374  1.038394
6655.90516883136  1.037883
6656.81034123899  1.039993
6657.71551364661  1.044527
6658.62068605424  1.049058
6659.52585846187  1.050854
6660.4310308695  1.047555
6661.33620327712  1.039199
6662.24137568475  1.028192
6663.14654809238  1.017234
6664.05172050001  1.008746
6664.95689290763  1.003404
6665.86206531526  1.000209
6666.76723772289  0.9979566
6667.67241013051  0.995608
6668.57758253814  0.993066
6669.48275494577  0.9911243
6670.38792735339  0.9906719
6671.29309976102  0.99258
6672.19827216865  0.9976903
6673.10344457628  1.006807
6674.0086169839  1.020786
6674.91378939153  1.040046
6675.81896179916  1.062177
6676.72413420678  1.082236
6677.62930661441  1.094911
6678.53447902204  1.095803
6679.43965142967  1.086083
6680.34482383729  1.071827
6681.24999624492  1.059686
6682.15516865255  1.055423
6683.06034106018  1.059682
6683.9655134678  1.068692
6684.87068587543  1.078214
6685.77585828306  1.084438
6686.68103069068  1.085786
6687.58620309831  1.082567
6688.49137550594  1.075253
6689.39654791356  1.064449
6690.30172032119  1.051756
6691.20689272882  1.039585
6692.11206513645  1.03047
6693.01723754407  1.026509
6693.9224099517  1.027306
6694.82758235933  1.030459
6695.73275476695  1.033339
6696.63792717458  1.033772
6697.54309958221  1.032027
6698.44827198984  1.030302
6699.35344439746  1.031011
6700.25861680509  1.036087
6701.16378921272  1.044923
6702.06896162035  1.05494
6702.97413402797  1.063364
6703.8793064356  1.067711
6704.78447884323  1.066946
6705.68965125085  1.061133
6706.59482365848  1.050405
6707.49999606611  1.035158
6708.40516847373  1.017347
6709.31034088136  1.000068
6710.21551328899  0.9865636
6711.12068569662  0.9795438
6712.02585810424  0.9789414
6712.93103051187  0.9826719
6713.8362029195  0.9884664
6714.74137532713  0.9943853
6715.64654773475  1.000071
6716.55172014238  1.006296
6717.45689255001  1.013943
6718.36206495763  1.023589
6719.26723736526  1.034315
6720.17240977289  1.044155
6721.07758218051  1.051037
6721.98275458814  1.053316
6722.88792699577  1.0515
6723.79309940339  1.047566
6724.69827181102  1.04362
6725.60344421865  1.041457
6726.50861662628  1.041408
6727.4137890339  1.042816
6728.31896144153  1.044949
6729.22413384916  1.047221
6730.12930625678  1.049716
6731.03447866441  1.052955
6731.93965107204  1.057503
6732.84482347967  1.063756
6733.74999588729  1.071324
6734.65516829492  1.079312
6735.56034070255  1.086786
6736.46551311017  1.092863
6737.3706855178  1.096892
6738.27585792543  1.09836
6739.18103033305  1.096742
6740.08620274068  1.091886
6740.99137514831  1.085406
6741.89654755594  1.080008
6742.80171996356  1.078529
6743.70689237119  1.082878
6744.61206477882  1.09072
6745.51723718645  1.097142
6746.42240959407  1.096982
6747.3275820017  1.086578
6748.23275440933  1.068967
6749.13792681695  1.051191
6750.04309922458  1.040639
6750.94827163221  1.042898
6751.85344403983  1.055719
6752.75861644746  1.072246
6753.66378885509  1.08527
6754.56896126272  1.0892
6755.47413367034  1.085362
6756.37930607797  1.079067
6757.2844784856  1.075925
6758.18965089323  1.08022
6759.09482330085  1.090685
6759.99999570848  1.102913
6760.90516811611  1.112271
6761.81034052373  1.115116
6762.71551293136  1.111874
6763.62068533899  1.105235
6764.52585774661  1.098029
6765.43103015424  1.092731
6766.33620256187  1.090443
6767.2413749695  1.091514
6768.14654737712  1.096277
6769.05171978475  1.104529
6769.95689219238  1.113784
6770.8620646  1.120331
6771.76723700763  1.120335
6772.67240941526  1.111362
6773.57758182289  1.096673
6774.48275423051  1.082532
6775.38792663814  1.075425
6776.29309904577  1.08012
6777.19827145339  1.094566
6778.10344386102  1.11317
6779.00861626865  1.130134
6779.91378867627  1.140696
6780.8189610839  1.144063
6781.72413349153  1.141472
6782.62930589916  1.134249
6783.53447830678  1.123838
6784.43965071441  1.112253
6785.34482312204  1.101793
6786.24999552966  1.094794
6787.15516793729  1.092939
6788.06034034492  1.095372
6788.96551275255  1.09999
6789.87068516017  1.104621
6790.7758575678  1.107532
6791.68102997543  1.108618
6792.58620238305  1.108569
6793.49137479068  1.108108
6794.39654719831  1.107877
6795.30171960594  1.108239
6796.20689201356  1.109431
6797.11206442119  1.111683
6798.01723682882  1.115044
6798.92240923645  1.118851
6799.82758164407  1.122112
6800.7327540517  1.123812
6801.63792645933  1.123194
6802.54309886695  1.120435
6803.44827127458  1.116146
6804.35344368221  1.110952
6805.25861608983  1.105452
6806.16378849746  1.100164
6807.06896090509  1.095568
6807.97413331271  1.092151
6808.87930572034  1.090055
6809.78447812797  1.088184
6810.6896505356  1.084879
6811.59482294322  1.078444
6812.49999535085  1.068201
6813.40516775848  1.057057
6814.31034016611  1.049513
6815.21551257373  1.050155
6816.12068498136  1.0617
6817.02585738899  1.080373
6817.93102979661  1.099562
6818.83620220424  1.112527
6819.74137461187  1.114662
6820.64654701949  1.108631
6821.55171942712  1.100224
6822.45689183475  1.095361
6823.36206424238  1.09803
6824.26723665  1.105743
6825.17240905763  1.113269
6826.07758146526  1.115266
6826.98275387288  1.108205
6827.88792628051  1.094555
6828.79309868814  1.079293
6829.69827109577  1.067489
6830.60344350339  1.063032
6831.50861591102  1.065981
6832.41378831865  1.074821
6833.31896072627  1.087995
6834.2241331339  1.103582
6835.12930554153  1.118414
6836.03447794916  1.128804
6836.93965035678  1.131045
6837.84482276441  1.123005
6838.74999517204  1.107674
6839.65516757966  1.090103
6840.56033998729  1.075404
6841.46551239492  1.067411
6842.37068480254  1.065922
6843.27585721017  1.06914
6844.1810296178  1.07523
6845.08620202543  1.082523
6845.99137443305  1.08984
6846.89654684068  1.09619
6847.80171924831  1.100584
6848.70689165594  1.102391
6849.61206406356  1.102112
6850.51723647119  1.100689
6851.42240887882  1.099068
6852.32758128644  1.097918
6853.23275369407  1.097053
6854.1379261017  1.095957
6855.04309850933  1.094108
6855.94827091695  1.091392
6856.85344332458  1.088939
6857.75861573221  1.088353
6858.66378813983  1.091245
6859.56896054746  1.097829
6860.47413295509  1.104107
6861.37930536272  1.104491
6862.28447777034  1.093375
6863.18965017797  1.0674
6864.0948225856  1.029923
6864.99999499322  0.9867531
6865.90516740085  0.9437556
6866.81033980848  0.9056274
6867.71551221611  0.8736743
6868.62068462373  0.8479751
6869.52585703136  0.8285831
6870.43102943899  0.8158376
6871.33620184661  0.8108479
6872.24137425424  0.8150117
6873.14654666187  0.8297192
6874.05171906949  0.8551862
6874.95689147712  0.8882026
6875.86206388475  0.9243409
6876.76723629238  0.9591591
6877.6724087  0.9888653
6878.57758110763  1.011536
6879.48275351526  1.025874
6880.38792592289  1.030607
6881.29309833051  1.025863
6882.19827073814  1.01575
6883.10344314577  1.005788
6884.00861555339  1.001483
6884.91378796102  1.005828
6885.81896036865  1.014772
6886.72413277627  1.021814
6887.6293051839  1.020467
6888.53447759153  1.007268
6889.43964999916  0.9871295
6890.34482240678  0.9678341
6891.24999481441  0.9571571
6892.15516722204  0.9597869
6893.06033962966  0.971957
6893.96551203729  0.9870306
6894.87068444492  0.9983869
6895.77585685255  1.001755
6896.68102926017  0.9992388
6897.5862016678  0.9950866
6898.49137407543  0.9935353
6899.39654648305  0.9972859
6900.30171889068  1.004922
6901.20689129831  1.013657
6902.11206370593  1.020892
6903.01723611356  1.024172
6903.92240852119  1.024393
6904.82758092882  1.022484
6905.73275333644  1.019559
6906.63792574407  1.016752
6907.5430981517  1.015272
6908.44827055932  1.016365
6909.35344296695  1.021254
6910.25861537458  1.030077
6911.16378778221  1.040119
6912.06896018983  1.04772
6912.97413259746  1.049262
6913.87930500509  1.043113
6914.78447741272  1.03281
6915.68964982034  1.023564
6916.59482222797  1.020545
6917.4999946356  1.026804
6918.40516704322  1.039948
6919.31033945085  1.055847
6920.21551185848  1.070392
6921.1206842661  1.080427
6922.02585667373  1.085222
6922.93102908136  1.084793
6923.83620148899  1.079181
6924.74137389661  1.06953
6925.64654630424  1.059791
6926.55171871187  1.05482
6927.45689111949  1.059405
6928.36206352712  1.075403
6929.26723593475  1.097303
6930.17240834238  1.117276
6931.07758075  1.127582
6931.98275315763  1.124052
6932.88792556526  1.111378
6933.79309797288  1.097015
6934.69827038051  1.088324
6935.60344278814  1.089642
6936.50861519576  1.097826
6937.41378760339  1.107429
6938.31896001102  1.113069
6939.22413241865  1.111532
6940.12930482627  1.104888
6941.0344772339  1.09683
6941.93964964153  1.090998
6942.84482204916  1.089431
6943.74999445678  1.090284
6944.65516686441  1.090526
6945.56033927204  1.087179
6946.46551167966  1.078968
6947.37068408729  1.068723
6948.27585649492  1.060523
6949.18102890254  1.058383
6950.08620131017  1.064269
6950.9913737178  1.075252
6951.89654612543  1.086922
6952.80171853305  1.094938
6953.70689094068  1.096914
6954.61206334831  1.095116
6955.51723575594  1.093206
6956.42240816356  1.094768
6957.32758057119  1.101151
6958.23275297882  1.108423
6959.13792538644  1.111062
6960.04309779407  1.103667
6960.9482702017  1.084396
6961.85344260933  1.059754
6962.75861501695  1.038741
6963.66378742458  1.03019
6964.56895983221  1.038374
6965.47413223983  1.056937
6966.37930464746  1.076384
6967.28447705509  1.087406
6968.18964946271  1.085294
6969.09482187034  1.076018
6969.99999427797  1.068684
6970.9051666856  1.072207
6971.81033909322  1.090744
6972.71551150085  1.117485
6973.62068390848  1.142418
6974.5258563161  1.155722
6975.43102872373  1.152283
6976.33620113136  1.137754
6977.24137353899  1.12091
6978.14654594661  1.110353
6979.05171835424  1.110777
6979.95689076187  1.117981
6980.86206316949  1.125206
6981.76723557712  1.125818
6982.67240798475  1.115945
6983.57758039237  1.097951
6984.4827528  1.07598
6985.38792520763  1.054101
6986.29309761526  1.035166
6987.19827002288  1.019284
6988.10344243051  1.005774
6989.00861483814  0.9939983
6989.91378724576  0.9839308
6990.81895965339  0.9769168
6991.72413206102  0.9747012
6992.62930446865  0.9789846
6993.53447687627  0.990428
6994.4396492839  1.007372
6995.34482169153  1.027497
6996.24999409915  1.048521
6997.15516650678  1.068854
6998.06033891441  1.088425
6998.96551132204  1.107596
6999.87068372966  1.126695
7000.77585613729  1.145133
7001.68102854492  1.160331
7002.58620095254  1.169118
7003.49137336017  1.168415
7004.3965457678  1.157336
7005.30171817543  1.139823
7006.20689058305  1.121172
7007.11206299068  1.106593
7008.01723539831  1.099579
7008.92240780593  1.099857
7009.82758021356  1.106136
7010.73275262119  1.117118
7011.63792502882  1.13088
7012.54309743644  1.14413
7013.44826984407  1.153172
7014.3534422517  1.154403
7015.25861465932  1.146711
7016.16378706695  1.134387
7017.06895947458  1.123241
7017.9741318822  1.118935
7018.87930428983  1.12413
7019.78447669746  1.134984
7020.68964910509  1.145849
7021.59482151271  1.151211
7022.49999392034  1.147968
7023.40516632797  1.138221
7024.31033873559  1.125497
7025.21551114322  1.113259
7026.12068355085  1.104249
7027.02585595848  1.099652
7027.9310283661  1.100245
7028.83620077373  1.10677
7029.74137318136  1.118682
7030.64654558898  1.132678
7031.55171799661  1.144678
7032.45689040424  1.150715
7033.36206281187  1.149369
7034.26723521949  1.144653
7035.17240762712  1.142092
7036.07758003475  1.147044
7036.98275244238  1.16136
7037.88792485  1.179439
7038.79309725763  1.193619
7039.69826966526  1.196445
7040.60344207288  1.184644
7041.50861448051  1.163806
7042.41378688814  1.141957
7043.31895929576  1.126936
7044.22413170339  1.123406
7045.12930411102  1.129299
7046.03447651865  1.140738
7046.93964892627  1.153909
7047.8448213339  1.165483
7048.74999374153  1.17316
7049.65516614915  1.174889
7050.56033855678  1.168687
7051.46551096441  1.154517
7052.37068337204  1.136451
7053.27585577966  1.119691
7054.18102818729  1.109325
7055.08620059492  1.108185
7055.99137300254  1.114376
7056.89654541017  1.124725
7057.8017178178  1.136118
7058.70689022542  1.145974
7059.61206263305  1.152842
7060.51723504068  1.155556
7061.42240744831  1.152995
7062.32757985593  1.145431
7063.23275226356  1.136061
7064.13792467119  1.128892
7065.04309707881  1.127827
7065.94826948644  1.134643
7066.85344189407  1.146672
7067.7586143017  1.160035
7068.66378670932  1.170945
7069.56895911695  1.177087
7070.47413152458  1.179219
7071.3793039322  1.178929
7072.28447633983  1.177753
7073.18964874746  1.176506
7074.09482115508  1.1745
7074.99999356271  1.170633
7075.90516597034  1.163857
7076.81033837797  1.154217
7077.71551078559  1.144042
7078.62068319322  1.136289
7079.52585560085  1.133834
7080.43102800847  1.137882
7081.3362004161  1.146152
7082.24137282373  1.155415
7083.14654523136  1.162517
7084.05171763898  1.165341
7084.95689004661  1.16395
7085.86206245424  1.158978
7086.76723486186  1.15108
7087.67240726949  1.141926
7088.57757967712  1.135303
7089.48275208475  1.135616
7090.38792449237  1.147095
7091.2930969  1.169815
7092.19826930763  1.195229
7093.10344171526  1.212394
7094.00861412288  1.210676
7094.91378653051  1.18578
7095.81895893814  1.146599
7096.72413134576  1.10562
7097.62930375339  1.075022
7098.53447616102  1.061539
7099.43964856864  1.060554
7100.34482097627  1.064381
7101.2499933839  1.06555
7102.15516579153  1.059967
7103.06033819915  1.050569
7103.96551060678  1.042199
7104.87068301441  1.039567
7105.77585542203  1.045268
7106.68102782966  1.057485
7107.58620023729  1.073204
7108.49137264492  1.089494
7109.39654505254  1.104541
7110.30171746017  1.118869
7111.2068898678  1.133657
7112.11206227542  1.149992
7113.01723468305  1.167176
7113.92240709068  1.180787
7114.82757949831  1.185341
7115.73275190593  1.175557
7116.63792431356  1.15078
7117.54309672119  1.12001
7118.44826912881  1.094933
7119.35344153644  1.086919
7120.25861394407  1.100798
7121.16378635169  1.127736
7122.06895875932  1.155135
7122.97413116695  1.170724
7123.87930357458  1.16826
7124.7844759822  1.154115
7125.68964838983  1.138124
7126.59482079746  1.129867
7127.49999320508  1.134448
7128.40516561271  1.147604
7129.31033802034  1.162503
7130.21551042796  1.172486
7131.12068283559  1.173885
7132.02585524322  1.1693
7132.93102765085  1.163058
7133.83620005847  1.159368
7134.7413724661  1.160528
7135.64654487373  1.164814
7136.55171728136  1.169396
7137.45688968898  1.171516
7138.36206209661  1.16967
7139.26723450424  1.164986
7140.17240691186  1.159322
7141.07757931949  1.154491
7141.98275172712  1.15161
7142.88792413475  1.150327
7143.79309654237  1.149887
7144.69826895  1.149554
7145.60344135763  1.148918
7146.50861376525  1.148258
7147.41378617288  1.148038
7148.31895858051  1.148718
7149.22413098813  1.15073
7150.12930339576  1.154442
7151.03447580339  1.160217
7151.93964821102  1.168388
7152.84482061864  1.178473
7153.74999302627  1.188246
7154.6551654339  1.194982
7155.56033784153  1.196021
7156.46551024915  1.190234
7157.37068265678  1.17976
7158.27585506441  1.167656
7159.18102747203  1.156923
7160.08619987966  1.149496
7160.99137228729  1.145036
7161.89654469491  1.14257
7162.80171710254  1.141142
7163.70688951017  1.139699
7164.6120619178  1.136988
7165.51723432542  1.131684
7166.42240673305  1.122501
7167.32757914068  1.109232
7168.23275154831  1.094009
7169.13792395593  1.079627
7170.04309636356  1.068829
7170.94826877119  1.063154
7171.85344117881  1.061532
7172.75861358644  1.062155
7173.66378599407  1.063252
7174.5689584017  1.063655
7175.47413080932  1.063505
7176.37930321695  1.063317
7177.28447562457  1.063577
7178.1896480322  1.064172
7179.09482043983  1.063681
7179.99999284746  1.060295
7180.90516525508  1.052259
7181.81033766271  1.039223
7182.71551007034  1.023908
7183.62068247797  1.009932
7184.52585488559  1.000846
7185.43102729322  0.9988006
7186.33619970085  1.002862
7187.24137210847  1.011218
7188.1465445161  1.022072
7189.05171692373  1.033407
7189.95688933135  1.042742
7190.86206173898  1.04743
7191.76723414661  1.044881
7192.67240655424  1.034374
7193.57757896186  1.019328
7194.48275136949  1.004371
7195.38792377712  0.9940563
7196.29309618474  0.9911515
7197.19826859237  0.9944329
7198.103441  1.001521
7199.00861340763  1.010073
7199.91378581525  1.018066
7200.81895822288  1.024205
7201.72413063051  1.027393
7202.62930303813  1.026557
7203.53447544576  1.021837
7204.43964785339  1.016093
7205.34482026102  1.01301
7206.24999266864  1.016193
7207.15516507627  1.026973
7208.0603374839  1.041536
7208.96550989153  1.054519
7209.87068229915  1.06068
7210.77585470678  1.058279
7211.68102711441  1.053523
7212.58619952203  1.055026
7213.49137192966  1.071219
7214.39654433729  1.105129
7215.30171674491  1.147448
7216.20688915254  1.185119
7217.11206156017  1.205321
7218.0172339678  1.20165
7218.92240637542  1.182467
7219.82757878305  1.160596
7220.73275119068  1.148642
7221.6379235983  1.153478
7222.54309600593  1.168708
7223.44826841356  1.18391
7224.35344082119  1.18884
7225.25861322881  1.177844
7226.16378563644  1.155945
7227.06895804407  1.131416
7227.97413045169  1.112404
7228.87930285932  1.103725
7229.78447526695  1.102391
7230.68964767458  1.103024
7231.5948200822  1.100338
7232.49999248983  1.091328
7233.40516489746  1.078362
7234.31033730508  1.065465
7235.21550971271  1.056599
7236.12068212034  1.05395
7237.02585452797  1.055492
7237.93102693559  1.057889
7238.83619934322  1.057862
7239.74137175085  1.053784
7240.64654415847  1.047981
7241.5517165661  1.044019
7242.45688897373  1.045409
7243.36206138135  1.05388
7244.26723378898  1.066862
7245.17240619661  1.080434
7246.07757860424  1.090727
7246.98275101186  1.095563
7247.88792341949  1.096871
7248.79309582712  1.097879
7249.69826823475  1.101765
7250.60344064237  1.109877
7251.50861305  1.119097
7252.41378545763  1.124877
7253.31895786525  1.122734
7254.22413027288  1.110674
7255.12930268051  1.092834
7256.03447508813  1.075329
7256.93964749576  1.0642
7257.84481990339  1.062697
7258.74999231102  1.06715
7259.65516471864  1.071649
7260.56033712627  1.070361
7261.4655095339  1.060455
7262.37068194152  1.046614
7263.27585434915  1.035963
7264.18102675678  1.03555
7265.08619916441  1.049161
7265.99137157203  1.07235
7266.89654397966  1.097992
7267.80171638729  1.119004
7268.70688879491  1.130163
7269.61206120254  1.130931
7270.51723361017  1.122283
7271.42240601779  1.105211
7272.32757842542  1.082045
7273.23275083305  1.058561
7274.13792324068  1.041708
7275.0430956483  1.038379
7275.94826805593  1.051977
7276.85344046356  1.076867
7277.75861287119  1.104399
7278.66378527881  1.125979
7279.56895768644  1.135904
7280.47413009407  1.136033
7281.37930250169  1.13074
7282.28447490932  1.124377
7283.18964731695  1.120029
7284.09481972458  1.117461
7284.9999921322  1.115324
7285.90516453983  1.112279
7286.81033694746  1.107395
7287.71550935508  1.100823
7288.62068176271  1.093079
7289.52585417034  1.084676
7290.43102657796  1.075962
7291.33619898559  1.066846
7292.24137139322  1.057076
7293.14654380085  1.046414
7294.05171620847  1.035362
7294.9568886161  1.026422
7295.86206102373  1.022805
7296.76723343135  1.027702
7297.67240583898  1.042637
7298.57757824661  1.064561
7299.48275065424  1.088836
7300.38792306186  1.110824
7301.29309546949  1.127021
7302.19826787712  1.137009
7303.10344028474  1.141445
7304.00861269237  1.140998
7304.9137851  1.136871
7305.81895750762  1.131789
7306.72412991525  1.129028
7307.62930232288  1.131852
7308.53447473051  1.14162
7309.43964713813  1.15432
7310.34481954576  1.164007
7311.24999195339  1.164748
7312.15516436101  1.153658
7313.06033676864  1.136505
7313.96550917627  1.122194
7314.8706815839  1.119627
7315.77585399152  1.134119
7316.68102639915  1.160688
7317.58619880678  1.190626
7318.4913712144  1.215195
7319.39654362203  1.228347
7320.30171602966  1.231802
7321.20688843729  1.230116
7322.11206084491  1.227866
7323.01723325254  1.228314
7323.92240566017  1.2309
7324.82757806779  1.233654
7325.73275047542  1.234594
7326.63792288305  1.232198
7327.54309529068  1.226274
7328.4482676983  1.217128
7329.35344010593  1.205069
7330.25861251356  1.190679
7331.16378492119  1.175372
7332.06895732881  1.160876
7332.97412973644  1.148926
7333.87930214407  1.140898
7334.78447455169  1.137099
7335.68964695932  1.137432
7336.59481936695  1.141794
7337.49999177457  1.149745
7338.4051641822  1.159807
7339.31033658983  1.170097
7340.21550899746  1.178727
7341.12068140508  1.184288
7342.02585381271  1.186865
7342.93102622034  1.187116
7343.83619862796  1.185711
7344.74137103559  1.183456
7345.64654344322  1.181606
7346.55171585085  1.1816
7347.45688825847  1.184879
7348.3620606661  1.191992
7349.26723307373  1.200644
7350.17240548136  1.207415
7351.07757788898  1.208856
7351.98275029661  1.202826
7352.88792270424  1.191394
7353.79309511186  1.1783
7354.69826751949  1.167321
7355.60343992712  1.161556
7356.50861233474  1.1619
7357.41378474237  1.168378
7358.31895715  1.180995
7359.22412955762  1.19873
7360.12930196525  1.21712
7361.03447437288  1.230295
7361.9396467805  1.232332
7362.84481918813  1.220149
7363.74999159576  1.200141
7364.65516400339  1.182613
7365.56033641101  1.177995
7366.46550881864  1.192623
7367.37068122627  1.219041
7368.2758536339  1.244057
7369.18102604152  1.25429
7370.08619844915  1.240761
7370.99137085678  1.209463
7371.8965432644  1.172667
7372.80171567203  1.142856
7373.70688807966  1.129387
7374.61206048729  1.130929
7375.51723289491  1.141625
7376.42240530254  1.155473
7377.32757771017  1.167685
7378.23275011779  1.177605
7379.13792252542  1.186347
7380.04309493305  1.195088
7380.94826734068  1.204365
7381.8534397483  1.212515
7382.75861215593  1.216912
7383.66378456356  1.214887
7384.56895697118  1.205024
7385.47412937881  1.190437
7386.37930178644  1.176229
7387.28447419406  1.167585
7388.18964660169  1.168297
7389.09481900932  1.17708
7389.99999141695  1.190408
7390.90516382457  1.204664
7391.8103362322  1.2165
7392.71550863983  1.22346
7393.62068104746  1.223484
7394.52585345508  1.214508
7395.43102586271  1.195713
7396.33619827034  1.170995
7397.24137067796  1.146402
7398.14654308559  1.128093
7399.05171549322  1.120435
7399.95688790084  1.121012
7400.86206030847  1.124299
7401.7672327161  1.124614
7402.67240512373  1.117777
7403.57757753135  1.105299
7404.48274993898  1.091338
7405.38792234661  1.080181
7406.29309475424  1.07506
7407.19826716186  1.075143
7408.10343956949  1.077693
7409.00861197712  1.07987
7409.91378438474  1.079858
7410.81895679237  1.079852
7411.7241292  1.083954
7412.62930160762  1.096392
7413.53447401525  1.119694
7414.43964642288  1.149586
7415.34481883051  1.178519
7416.24999123813  1.198739
7417.15516364576  1.204595
7418.06033605339  1.198937
7418.96550846101  1.188747
7419.87068086864  1.181263
7420.77585327627  1.181625
7421.6810256839  1.186383
7422.58619809152  1.18786
7423.49137049915  1.178101
7424.39654290678  1.151654
7425.3017153144  1.113519
7426.20688772203  1.073899
7427.11206012966  1.043345
7428.01723253728  1.029831
7428.92240494491  1.030459
7429.82757735254  1.036855
7430.73274976017  1.040266
7431.63792216779  1.034737
7432.54309457542  1.02626
7433.44826698305  1.026933
7434.35343939068  1.049321
7435.2586117983  1.101741
7436.16378420593  1.173943
7437.06895661356  1.246042
7437.97412902118  1.297456
7438.87930142881  1.312085
7439.78447383644  1.293592
7440.68964624406  1.25598
7441.59481865169  1.213962
7442.49999105932  1.180063
7443.40516346694  1.157438
7444.31033587457  1.14427
7445.2155082822  1.138435
7446.12068068983  1.137474
7447.02585309745  1.136953
7447.93102550508  1.131378
7448.83619791271  1.115133
7449.74137032034  1.084377
7450.64654272796  1.043738
7451.55171513559  1.002451
7452.45688754322  0.9700976
7453.36205995084  0.9548528
7454.26723235847  0.9583239
7455.1724047661  0.9784907
7456.07757717372  1.013105
7456.98274958135  1.059234
7457.88792198898  1.110208
7458.79309439661  1.157276
7459.69826680423  1.191463
7460.60343921186  1.205833
7461.50861161949  1.203584
7462.41378402712  1.193641
7463.31895643474  1.18542
7464.22412884237  1.186586
7465.12930125  1.196332
7466.03447365762  1.208986
7466.93964606525  1.218458
7467.84481847288  1.219866
7468.7499908805  1.214156
7469.65516328813  1.205676
7470.56033569576  1.199059
7471.46550810339  1.198284
7472.37068051101  1.204134
7473.27585291864  1.215512
7474.18102532627  1.231176
7475.08619773389  1.249628
7475.99137014152  1.267804
7476.89654254915  1.281699
7477.80171495677  1.287187
7478.7068873644  1.281271
7479.61205977203  1.267103
7480.51723217966  1.251566
7481.42240458728  1.241924
7482.32757699491  1.243984
7483.23274940254  1.255804
7484.13792181017  1.270659
7485.04309421779  1.281357
7485.94826662542  1.281943
7486.85343903305  1.272997
7487.75861144067  1.259194
7488.6637838483  1.245606
7489.56895625593  1.236485
7490.47412866356  1.231792
7491.37930107118  1.228759
7492.28447347881  1.224348
7493.18964588644  1.216066
7494.09481829406  1.20435
7494.99999070169  1.191532
7495.90516310932  1.180132
7496.81033551695  1.172323
7497.71550792457  1.168398
7498.6206803322  1.167419
7499.52585273983  1.168319
7500.43102514745  1.170309
7501.33619755508  1.174177
7502.24136996271  1.181747
7503.14654237033  1.194995
7504.05171477796  1.215049
7504.95688718559  1.237859
7505.86205959322  1.255885
7506.76723200084  1.261157
7507.67240440847  1.247414
7508.5775768161  1.218942
7509.48274922372  1.187244
7510.38792163135  1.164652
7511.29309403898  1.161478
7512.19826644661  1.175741
7513.10343885423  1.196924
7514.00861126186  1.21353
7514.91378366949  1.215802
7515.81895607711  1.204521
7516.72412848474  1.187882
7517.62930089237  1.174951
7518.53447329999  1.17356
7519.43964570762  1.184266
7520.34481811525  1.202401
7521.24999052288  1.222704
7522.1551629305  1.240339
7523.06033533813  1.252622
7523.96550774576  1.258431
7524.87068015338  1.256802
7525.77585256101  1.24709
7526.68102496864  1.231218
7527.58619737627  1.212977
7528.49136978389  1.196402
7529.39654219152  1.185102
7530.30171459915  1.179799
7531.20688700678  1.179045
7532.1120594144  1.181143
7533.01723182203  1.184481
7533.92240422965  1.18774
7534.82757663728  1.189831
7535.73274904491  1.189679
7536.63792145254  1.186364
7537.54309386016  1.180197
7538.44826626779  1.172441
7539.35343867542  1.164479
7540.25861108305  1.157594
7541.16378349067  1.152456
7542.0689558983  1.149248
7542.97412830593  1.148097
7543.87930071355  1.149103
7544.78447312118  1.152078
7545.68964552881  1.156601
7546.59481793644  1.16224
7547.49999034406  1.168388
7548.40516275169  1.173069
7549.31033515932  1.173198
7550.21550756694  1.16548
7551.12067997457  1.147437
7552.0258523822  1.123201
7552.93102478983  1.102359
7553.83619719745  1.095332
7554.74136960508  1.11104
7555.64654201271  1.146698
7556.55171442033  1.189681
7557.45688682796  1.225944
7558.36205923559  1.242973
7559.26723164321  1.23974
7560.17240405084  1.225039
7561.07757645847  1.209084
7561.9827488661  1.200995
7562.88792127372  1.201979
7563.79309368135  1.206378
7564.69826608898  1.20751
7565.6034384966  1.199535
7566.50861090423  1.182883
7567.41378331186  1.163516
7568.31895571949  1.14826
7569.22412812711  1.143203
7570.12930053474  1.148816
7571.03447294237  1.160514
7571.93964534999  1.172943
7572.84481775762  1.181247
7573.74999016525  1.184263
7574.65516257288  1.184212
7575.5603349805  1.183841
7576.46550738813  1.185595
7577.37067979576  1.18973
7578.27585220339  1.19447
7579.18102461101  1.197714
7580.08619701864  1.197536
7580.99136942627  1.193301
7581.89654183389  1.185596
7582.80171424152  1.175228
7583.70688664915  1.162673
7584.61205905677  1.145206
7585.5172314644  1.117047
7586.42240387203  1.071871
7587.32757627966  1.004126
7588.23274868728  0.9160435
7589.13792109491  0.8175278
7590.04309350254  0.7197122
7590.94826591016  0.6329766
7591.85343831779  0.5613016
7592.75861072542  0.5021665
7593.66378313305  0.4519883
7594.56895554067  0.4075602
7595.4741279483  0.3679088
7596.37930035593  0.334326
7597.28447276355  0.3084972
7598.18964517118  0.2919935
7599.09481757881  0.2854304
7599.99998998643  0.288457
7600.90516239406  0.3005658
7601.81033480169  0.3211909
7602.71550720932  0.3487701
7603.62067961694  0.3806812
7604.52585202457  0.4141118
7605.4310244322  0.4464878
7606.33619683983  0.4778985
7607.24136924745  0.5112852
7608.14654165508  0.5501597
7609.05171406271  0.597566
7609.95688647033  0.6513227
7610.86205887796  0.7036514
7611.76723128559  0.7456849
7612.67240369321  0.7691875
7613.57757610084  0.7730603
7614.48274850847  0.7640571
7615.38792091609  0.7504346
7616.29309332372  0.7398124
7617.19826573135  0.7334729
7618.10343813898  0.7255607
7619.0086105466  0.7088286
7619.91378295423  0.6766936
7620.81895536186  0.6297382
7621.72412776949  0.5768193
7622.62930017711  0.5283802
7623.53447258474  0.4943015
7624.43964499237  0.4788735
7625.34481739999  0.4797696
7626.24998980762  0.4934183
7627.15516221525  0.5163441
7628.06033462288  0.5442806
7628.9655070305  0.5720822
7629.87067943813  0.5943718
7630.77585184576  0.606077
7631.68102425338  0.6069452
7632.58619666101  0.6025396
7633.49136906864  0.5996279
7634.39654147627  0.6046008
7635.30171388389  0.6198322
7636.20688629152  0.6426994
7637.11205869915  0.6695512
7638.01723110677  0.6969222
7638.9224035144  0.7223691
7639.82757592203  0.7447388
7640.73274832965  0.7631472
7641.63792073728  0.7767663
7642.54309314491  0.7863268
7643.44826555254  0.7945738
7644.35343796016  0.8047009
7645.25861036779  0.8197107
7646.16378277542  0.8400586
7647.06895518304  0.8628542
7647.97412759067  0.884455
7648.8792999983  0.9014235
7649.78447240593  0.9128343
7650.68964481355  0.9211075
7651.59481722118  0.9294129
7652.49998962881  0.9407033
7653.40516203643  0.9549625
7654.31033444406  0.9681177
7655.21550685169  0.9751629
7656.12067925931  0.9714057
7657.02585166694  0.9569548
7657.93102407457  0.9386008
7658.8361964822  0.9246851
7659.74136888982  0.923134
7660.64654129745  0.9358265
7661.55171370508  0.956063
7662.45688611271  0.9751182
7663.36205852033  0.9847377
7664.26723092796  0.9835325
7665.17240333559  0.9800242
7666.07757574321  0.985137
7666.98274815084  1.009187
7667.88792055847  1.052981
7668.7930929661  1.103256
7669.69826537372  1.143299
7670.60343778135  1.157174
7671.50861018898  1.140528
7672.4137825966  1.106508
7673.31895500423  1.07255
7674.22412741186  1.055379
7675.12929981949  1.062127
7676.03447222711  1.085108
7676.93964463474  1.112977
7677.84481704237  1.134843
7678.74998944999  1.144777
7679.65516185762  1.144652
7680.56033426525  1.13829
7681.46550667287  1.129319
7682.3706790805  1.120053
7683.27585148813  1.110679
7684.18102389576  1.100852
7685.08619630338  1.090281
7685.99136871101  1.079254
7686.89654111864  1.069017
7687.80171352626  1.061065
7688.70688593389  1.056836
7689.61205834152  1.056421
7690.51723074914  1.057648
7691.42240315677  1.05773
7692.3275755644  1.054003
7693.23274797203  1.046568
7694.13792037965  1.040244
7695.04309278728  1.041143
7695.94826519491  1.055182
7696.85343760253  1.084112
7697.75861001016  1.122419
7698.66378241779  1.162564
7699.56895482541  1.197233
7700.47412723304  1.222082
7701.37929964067  1.238071
7702.2844720483  1.247637
7703.18964445592  1.253106
7704.09481686355  1.25561
7704.99998927118  1.254114
7705.90516167881  1.246951
7706.81033408643  1.232553
7707.71550649406  1.212282
7708.62067890169  1.192919
7709.52585130931  1.182853
7710.43102371694  1.190254
7711.33619612457  1.216055
7712.2413685322  1.247457
7713.14654093982  1.267596
7714.05171334745  1.26
7714.95688575508  1.219133
7715.8620581627  1.160706
7716.76723057033  1.106825
7717.67240297796  1.07906
7718.57757538559  1.087828
7719.48274779321  1.121254
7720.38792020084  1.160741
7721.29309260847  1.188127
7722.19826501609  1.193276
7723.10343742372  1.182511
7724.00860983135  1.167176
7724.91378223898  1.158334
7725.8189546466  1.162533
7726.72412705423  1.176872
7727.62929946186  1.195526
7728.53447186948  1.212795
7729.43964427711  1.224559
7730.34481668474  1.230051
7731.24998909237  1.229554
7732.15516149999  1.223313
7733.06033390762  1.212006
7733.96550631525  1.19725
7734.87067872287  1.180973
7735.7758511305  1.16508
7736.68102353813  1.151241
7737.58619594575  1.140588
7738.49136835338  1.13408
7739.39654076101  1.132674
7740.30171316864  1.13595
7741.20688557626  1.140333
7742.11205798389  1.141195
7743.01723039152  1.133937
7743.92240279915  1.115496
7744.82757520677  1.086378
7745.7327476144  1.048288
7746.63792002202  1.002925
7747.54309242965  0.9511725
7748.44826483728  0.8920379
7749.35343724491  0.8238974
7750.25860965253  0.7451198
7751.16378206016  0.6588067
7752.06895446779  0.5797546
7752.97412687542  0.5268183
7753.87929928304  0.5187832
7754.78447169067  0.5647727
7755.6896440983  0.6494345
7756.59481650592  0.7487643
7757.49998891355  0.8389066
7758.40516132118  0.904311
7759.31033372881  0.9510994
7760.21550613643  0.9931905
7761.12067854406  1.044367
7762.02585095169  1.112958
7762.93102335931  1.192798
7763.83619576694  1.272355
7764.74136817457  1.340144
7765.64654058219  1.387611
7766.55171298982  1.414022
7767.45688539745  1.42153
7768.36205780508  1.412281
7769.2672302127  1.390298
7770.17240262033  1.364912
7771.07757502796  1.347478
7771.98274743558  1.349382
7772.88791984321  1.376116
7773.79309225084  1.416319
7774.69826465847  1.452106
7775.60343706609  1.465526
7776.50860947372  1.445454
7777.41378188135  1.40067
7778.31895428897  1.347772
7779.2241266966  1.303448
7780.12929910423  1.279752
7781.03447151185  1.274989
7781.93964391948  1.281972
7782.84481632711  1.293468
7783.74998873474  1.303433
7784.65516114236  1.309393
7785.56033354999  1.310329
7786.46550595762  1.305222
7787.37067836525  1.293957
7788.27585077287  1.279334
7789.1810231805  1.265356
7790.08619558813  1.256058
7790.99136799576  1.254025
7791.89654040338  1.257103
7792.80171281101  1.261146
7793.70688521863  1.261954
7794.61205762626  1.25667
7795.51723003389  1.246864
7796.42240244152  1.236016
7797.32757484914  1.227654
7798.23274725677  1.22459
7799.1379196644  1.227243
7800.04309207203  1.234989
7800.94826447965  1.24719
7801.85343688728  1.262518
7802.75860929491  1.277153
7803.66378170253  1.28617
7804.56895411016  1.284581
7805.47412651779  1.269458
7806.37929892542  1.245346
7807.28447133304  1.220172
7808.18964374067  1.202013
7809.0948161483  1.19696
7809.99998855592  1.203802
7810.90516096355  1.21797
7811.81033337118  1.23477
7812.7155057788  1.249935
7813.62067818643  1.260686
7814.52585059406  1.264931
7815.43102300169  1.260589
7816.33619540931  1.246727
7817.24136781694  1.227033
7818.14654022457  1.207413
7819.0517126322  1.193883
7819.95688503982  1.190807
7820.86205744745  1.195902
7821.76722985508  1.203641
7822.6724022627  1.208327
7823.57757467033  1.205668
7824.48274707796  1.197112
7825.38791948558  1.186957
7826.29309189321  1.179657
7827.19826430084  1.178871
7828.10343670847  1.185003
7829.00860911609  1.196804
7829.91378152372  1.21294
7830.81895393135  1.231904
7831.72412633898  1.251273
7832.6292987466  1.26814
7833.53447115423  1.279566
7834.43964356186  1.283397
7835.34481596948  1.281071
7836.24998837711  1.275917
7837.15516078474  1.271392
7838.06033319236  1.270159
7838.96550559999  1.27125
7839.87067800762  1.271749
7840.77585041525  1.268598
7841.68102282287  1.259614
7842.5861952305  1.246684
7843.49136763813  1.233926
7844.39654004575  1.225646
7845.30171245338  1.224875
7846.20688486101  1.228496
7847.11205726864  1.229957
7848.01722967626  1.222413
7848.92240208389  1.20107
7849.82757449152  1.17144
7850.73274689914  1.144901
7851.63791930677  1.133313
7852.5430917144  1.14606
7853.44826412203  1.179836
7854.35343652965  1.223987
7855.25860893728  1.267275
7856.16378134491  1.299495
7857.06895375253  1.315589
7857.97412616016  1.31353
7858.87929856779  1.291469
7859.78447097542  1.249193
7860.68964338304  1.196009
7861.59481579067  1.146985
7862.4999881983  1.117782
7863.40516060592  1.120917
7864.31033301355  1.15139
7865.21550542118  1.193393
7866.12067782881  1.230119
7867.02585023643  1.247025
7867.93102264406  1.241947
7868.83619505169  1.220525
7869.74136745931  1.189098
7870.64653986694  1.153745
7871.55171227457  1.11981
7872.45688468219  1.092123
7873.36205708982  1.075526
7874.26722949745  1.07371
7875.17240190508  1.082864
7876.0775743127  1.0943
7876.98274672033  1.098763
7877.88791912796  1.088868
7878.79309153558  1.068825
7879.69826394321  1.050595
7880.60343635084  1.047015
7881.50860875847  1.068566
7882.41378116609  1.110709
7883.31895357372  1.158655
7884.22412598135  1.196463
7885.12929838897  1.210495
7886.0344707966  1.201826
7886.93964320423  1.181781
7887.84481561186  1.162871
7888.74998801948  1.155941
7889.65516042711  1.161227
7890.56033283474  1.171451
7891.46550524236  1.178418
7892.37067764999  1.17511
7893.27585005762  1.162013
7894.18102246524  1.145064
7895.08619487287  1.130882
7895.9913672805  1.125317
7896.89653968813  1.129307
7897.80171209575  1.140142
7898.70688450338  1.154668
7899.61205691101  1.169976
7900.51722931864  1.184453
7901.42240172626  1.197486
7902.32757413389  1.208584
7903.23274654152  1.217322
7904.13791894914  1.224128
7905.04309135677  1.230074
7905.9482637644  1.236334
7906.85343617202  1.243798
7907.75860857965  1.251105
7908.66378098728  1.255123
7909.56895339491  1.252447
7910.47412580253  1.24029
7911.37929821016  1.221017
7912.28447061779  1.201145
7913.18964302542  1.187796
7914.09481543304  1.187172
7914.99998784067  1.197842
7915.9051602483  1.212092
7916.81033265592  1.221279
7917.71550506355  1.217752
7918.62067747118  1.201955
7919.5258498788  1.181121
7920.43102228643  1.163505
7921.33619469406  1.156576
7922.24136710169  1.161479
7923.14653950931  1.173945
7924.05171191694  1.188889
7924.95688432457  1.201428
7925.86205673219  1.207374
7926.76722913982  1.203171
7927.67240154745  1.185299
7928.57757395507  1.151007
7929.4827463627  1.10608
7930.38791877033  1.063932
7931.29309117796  1.03925
7932.19826358558  1.04522
7933.10343599321  1.080188
7934.00860840084  1.128974
7934.91378080846  1.174133
7935.81895321609  1.199654
7936.72412562372  1.202645
7937.62929803135  1.19245
7938.53447043897  1.180484
7939.4396428466  1.17719
7940.34481525423  1.18493
7941.24998766185  1.198359
7942.15516006948  1.210776
7943.06033247711  1.216128
7943.96550488474  1.213889
7944.87067729236  1.20894
7945.77584969999  1.20714
7946.68102210762  1.213735
7947.58619451524  1.227669
7948.49136692287  1.241611
7949.3965393305  1.247057
7950.30171173813  1.236354
7951.20688414575  1.211523
7952.11205655338  1.184394
7953.01722896101  1.168673
7953.92240136863  1.176988
7954.82757377626  1.209909
7955.73274618389  1.255483
7956.63791859152  1.299335
7957.54309099914  1.327992
7958.44826340677  1.33665
7959.3534358144  1.329719
7960.25860822202  1.313379
7961.16378062965  1.293502
7962.06895303728  1.275041
7962.9741254449  1.261923
7963.87929785253  1.257899
7964.78447026016  1.26643
7965.68964266779  1.28546
7966.59481507541  1.306848
7967.49998748304  1.321178
7968.40515989067  1.319665
7969.31033229829  1.302095
7970.21550470592  1.277962
7971.12067711355  1.2588
7972.02584952118  1.255392
7972.9310219288  1.268975
7973.83619433643  1.289722
7974.74136674406  1.30541
7975.64653915168  1.304634
7976.55171155931  1.28601
7977.45688396694  1.260085
7978.36205637456  1.240031
7979.26722878219  1.238149
7980.17240118982  1.255413
7981.07757359745  1.279017
7981.98274600507  1.293073
7982.8879184127  1.282666
7983.79309082033  1.246557
7984.69826322796  1.20049
7985.60343563558  1.164077
7986.50860804321  1.155903
7987.41378045084  1.18011
7988.31895285846  1.222512
7989.22412526609  1.264661
7990.12929767372  1.288997
7991.03447008135  1.288199
7991.93964248897  1.268279
7992.8448148966  1.238374
7993.74998730423  1.20715
7994.65515971185  1.180376
7995.56033211948  1.159922
7996.46550452711  1.146729
7997.37067693473  1.141789
7998.27584934236  1.144513
7999.18102174999  1.152168
8000.08619415762  1.161497
8000.99136656524  1.16936
8001.89653897287  1.174621
8002.8017113805  1.178944
8003.70688378812  1.1847
8004.61205619575  1.194102
8005.51722860338  1.20661
8006.422401011  1.217752
8007.32757341863  1.222031
8008.23274582626  1.214194
8009.13791823389  1.19415
8010.04309064151  1.169355
8010.94826304914  1.149245
8011.85343545677  1.142903
8012.7586078644  1.153288
8013.66378027202  1.17417
8014.56895267965  1.196898
8015.47412508728  1.213158
8016.3792974949  1.219668
8017.28446990253  1.220891
8018.18964231016  1.223384
8019.09481471779  1.233404
8019.99998712541  1.2518
